{
    "accuracy": 0.68,
    "precision": 0.7058823529411765,
    "recall": 0.5217391304347826,
    "auc": 0.7673107890499195
}